1 0.38759649616161
2 0.0380244765858485
3 0.169807202848476
4 1
5 0.24479331777777
6 0.709940761616159
7 1
8 1
9 0.0586269719595861
10 0.443620319999994
11 0.339494806262619
12 1
13 0.142741016464637
14 0.195716079070699
15 1
16 0.399760735151509
17 0.0518366142424143
18 1
19 0.970054581414141
20 1
21 0.040121362040394
22 0.223111385050497
23 1
24 0.0736482434141317
25 0.51544910545454
26 0.0341392269090808
27 0.492899777979793
28 0.0982584175757481
29 0.065919100848475
30 0.154484226666658
31 0.17548904068686
32 0.816431805050503
33 1
34 0.0932412392525157
35 0.378264122424236
36 0.114149343252516
37 0.092928070565647
38 0.01
39 1
40 0.0469032692323132
41 0.101963545555546
42 0.0926598258383743
43 0.360224902626256
44 0.36149116727272
45 1
46 1
47 1
48 1
49 0.127579838020193
50 0.0682846976565559
51 0.171886639959587
52 0.296634776363629
53 1
54 0.341790614949488
55 0.01
56 0.242136765252517
57 0.832466554747473
58 0.199519067717163
59 0.336051462626256
60 0.0183792864807978
61 0.44088154565656
62 0.190910785292921
63 0.504221326262621
64 0.546742270101005
65 0.761930556565654
66 0.0249115807272625
67 0.38816779616161
68 0.0717461729090812
69 0.736622927070704
70 0.043340126080798
71 0.197907438727264
72 0.833850042626261
73 0.184970023919183
74 0.211772516767668
75 0.24994376828282
76 0.138863824444435
77 0.233574902222214
78 0.0787938454747378
79 0.0196907539252422
80 0.594884805858582
81 0.128125026020193
82 0.339540275959589
83 1
84 0.347523334141407
85 0.01
86 1
87 0.361582497777771
88 0.223887304242416
89 0.114764286020193
90 0.712814826060603
91 0.108341361959587
92 0.536549190505046
93 0.268312309494942
94 1
95 1
96 0.16480889719191
97 0.462255463636358
98 1
99 0.173298915333325
100 0.0553397993535254
101 0.0427654711919091
102 0.0312657472323131
103 0.01
104 0.202394952929285
105 1
106 1
107 0.120195588565647
108 0.838710854343433
109 0.0768856360807984
110 0.353610541818175
111 0.0914811300403945
112 1
113 0.0895877672121116
114 1
115 0.0786052050504954
116 0.01
117 0.144251391999991
118 1
119 0.0311903005050403
120 0.263219684444437
121 0.01
122 0.451379185252519
123 0.013824448143424
124 0.217659265252517
125 1
126 0.0626538734343336
127 0.427976992929287
128 0.138944379474738
129 0.0453216387878688
130 0.788728279797978
131 0.038282584161606
132 0.943009784646464
133 0.140092678080799
134 0.01
135 0.874636888484847
136 0.063538827878778
137 0.01
138 0.0677518618585761
139 0.01
140 1
141 0.730355498787876
142 0.869443599191918
143 1
144 0.21206270828282
145 0.0949529018989804
146 0.0354638255151414
147 0.157058259050496
148 1
149 0.436029220404034
150 0.24861302767676
151 0.528867951919187
152 0.0405122463434243
153 0.18285593488888
154 0.0812695220403944
155 0.01
156 0.110892680464637
157 0.170669442969688
158 0.266349449696962
159 0.0557056696161517
160 0.655633457777774
161 0.186827226767668
162 0.0714000075757478
163 1
164 0.0818383109494853
165 1
166 0.468017477777772
167 0.0243370293333231
168 0.081881877676758
169 0.189046591171709
170 1
171 0.0564603284242325
172 0.01
173 0.146202295898981
174 0.0800283808686772
175 0.01
176 0.503853898383833
177 0.0309795918383737
178 0.411933104848479
179 0.0624524776565558
180 0.01
181 1
182 0.01
183 0.157187394525244
184 0.948308227474747
185 1
186 0.418393193535347
187 0.042546216040394
188 0.0926575677777682
189 0.144943007797971
190 0.0361741543232222
191 0.157533769070698
192 0.789769259595957
193 0.102833917454536
194 0.0902604407272632
195 1
196 1
197 0.0535154804040305
198 0.0977744943434248
199 0.79922050181818
200 0.774530903636361
201 0.314099682828276
202 1
203 1
204 1
205 0.066811159777768
206 0.287024503030296
207 1
208 0.0302062483030201
209 0.197729257717163
210 0.075541354686859
211 0.178216519393931
212 0.01
213 0.136589973979789
214 0.27702555757575
215 0.930334451515151
216 0.0247316087676665
217 0.6149324840404
218 0.01
219 0.313942178787872
220 0.0173250831959493
221 0.443694213737368
222 0.600737628686865
223 0.177837219939385
224 0.194477793393931
225 0.0814745184242328
226 0.0817382341010005
227 0.360736478787872
228 0.0964190922020107
229 0.085177889616152
230 0.0542019872929194
231 0.400581772727266
232 0.227509055353527
233 1
234 0.0775846146060509
235 1
236 1
237 0.318975282828276
238 0.01
239 0.145317665636355
240 0.0774497465656469
241 1
242 0.250911141616154
243 0.198291471858577
244 0.714303104242421
245 0.164594231797971
246 0.350988312727266
247 0.01
248 0.246286764848477
249 0.181068570444436
250 0.0248655354747372
251 0.027727971232313
252 0.01
253 0.270235833535346
254 0.268691946868679
255 1
256 0.172612009070698
257 0.524862710303025
258 0.0193688252908988
259 0.01
260 0.430757841818176
261 0.135564433656557
262 0.01
263 0.729574247474745
264 0.0884201344444349
265 0.377833574343428
266 1
267 0.0834803592525156
268 1
269 0.0900321542222127
270 0.878888413333332
271 0.01
272 0.640530961010097
273 0.416956032121206
274 1
275 0.24610046767676
276 0.674691784646461
277 0.0980942222828188
278 1
279 0.234218556363628
280 1
281 0.845864157171715
282 0.074388703717162
283 0.182568041151507
284 0.156095145434335
285 0.114905598565647
286 1
287 0.0762198083030206
288 0.468236977575752
289 0.01
290 0.01
291 0.0446437299595859
292 0.01
293 0.211539879797971
294 0.312855850505043
295 0.01
296 1
297 0.0574252824848386
298 0.782341165252523
299 0.644938635555552
300 0.270247974949487
301 0.262016807070699
302 0.0869731171313035
303 0.113316242767667
304 1
305 1
306 0.204279490303022
307 0.219273289090901
308 0.0539788057171618
309 0.148318611232314
310 0.775654398383836
311 0.090944937535344
312 0.094702080545445
313 1
314 0.313156506262619
315 0.514047870909086
316 0.01
317 0.172164960848476
318 1
319 0.423264991313125
320 0.100815744606051
321 0.0451763958989799
322 0.0161163826383735
323 0.0491899899393839
324 0.95121378060606
325 0.0239099198181716
326 0.109858616747465
327 0.790204021616159
328 0.397368058585852
329 0.173613897575749
330 0.01
331 0.595069769292925
332 0.159575383313122
333 0.01
334 1
335 0.0859435331313035
336 0.01
337 0.450864507070701
338 0.263704688686861
339 0.01
340 0.140004328525243
341 0.0431080467676667
342 1
343 0.01
344 1
345 0.0269587503434241
346 0.01
347 0.157206551535345
348 0.248857092727265
349 0.181431349313123
350 1
351 0.278885799393932
352 0.0263879891313029
353 0.216100834141406
354 0.01
355 0.0150918759696866
356 0.390705274545448
357 0.01
358 0.39311862666666
359 0.0682584246060508
360 0.0345358596565555
361 0.0195008597595857
362 0.315875232727266
363 1
364 0.0939512349898895
365 0.166645956525244
366 0.174036599777769
367 0.0470837304848385
368 0.309121229696962
369 1
370 0.127014567151506
371 0.238008396363628
372 0.0621309062424144
373 0.188250032606052
374 1
375 1
376 0.0948161783232228
377 0.636049185656562
378 0.203581047070699
379 0.171150247010092
380 1
381 0.0661532696767579
382 0.0376137998585757
383 0.225989306464638
384 0.056621791939384
385 1
386 0.111149126545445
387 0.01
388 0.342504584848478
389 0.0919888869292834
390 0.0303777297777676
391 0.34913242646464
392 0.0200951476848382
393 0.0607146777979699
394 0.382528725858579
395 0.046504453010091
396 0.01
397 0.0257440275353433
398 0.0681176232121114
399 0.0918043782424147
400 0.287900995757568
401 0.163261994161607
402 0.14994992498989
403 0.01
404 0.0778360821818085
405 0.983515144646465
406 1
407 0.101660021515142
408 0.108571115111102
409 0.646490191111107
410 0.629566580808077
411 0.214635524444436
412 0.0359385900201919
413 1
414 0.380961709898983
415 1
416 1
417 0.687296325656562
418 0.128299542747466
419 0.0873138843434248
420 0.185114265434335
421 0.01
422 0.01
423 0.129645697111102
424 0.33482285717171
425 0.131113280808072
426 0.279915139999992
427 1
428 0.078836494666657
429 1
430 0.201534550606052
431 0.631108029090905
432 0.547615826262622
433 0.316893789898983
434 0.01
435 0.182970751030294
436 0.0547846618787779
437 0.265396074141406
438 0.220783646464638
439 0.112582860363627
440 0.127605430666657
441 0.132026382404031
442 0.0901295230100914
443 0.246431980202012
444 0.375572313535347
445 0.0824031033535257
446 0.0824114935151419
447 0.372862040404034
448 0.01
449 0.279825684646457
450 0.222155629494941
451 0.995271492525252
452 0.225607787474739
453 0.0940375764444349
454 1
455 1
456 0.262641983232315
457 1
458 0.0313870957575656
459 0.151171030868678
460 0.736827961818179
461 1
462 0.134021260343425
463 0.18132399858585
464 0.11450920329292
465 0.0938095924444349
466 0.183930965717163
467 0.802837307070705
468 0.035177912181808
469 0.157749392020193
470 0.25307493838383
471 0.0491710553939294
472 1
473 0.0919689836161521
474 0.01
475 0.117179614262617
476 0.343731498787872
477 0.303455691515144
478 0.127855895757567
479 1
480 0.0429052964040303
481 0.0577237619797881
482 1
483 0.0269637359797878
484 0.716397102222219
485 1
486 0.247279000202012
487 0.218726590101002
488 0.176339186808072
489 0.0546631411313032
490 1
491 0.180465693636355
492 0.01
493 1
494 0.108611686868678
495 0.319712161818175
496 0.158042928565648
497 0.0761122895959499
498 0.151156741616153
499 0.163075607717163
500 0.161275958282819
