1 0.219744878265498
2 0.859122907494662
3 0.226780758382563
4 0.033658686301278
5 0.118536745970691
6 0.103922944806296
7 0.556760213897453
8 0.285158094120415
9 0.199311928580745
10 0.0390145522914139
11 0.270955837208281
12 1
13 0.125986660138525
14 0.50697630872501
15 0.265473177719434
16 0.0618782053749546
17 0.181925161272352
18 0.586760732040152
19 0.2104754777559
20 0.445960750543537
21 0.0588068362291758
22 0.251711601978888
23 1
24 0.746456424518904
25 0.41407002923049
26 0.664782307115773
27 0.219189454625296
28 0.771887776353533
29 0.176634041556684
30 0.48136581474797
31 0.0722849690810063
32 0.133412613450037
33 0.265424987539259
34 0.156646225315798
35 0.248777106426608
36 0.279624408631166
37 0.113924221005174
38 0.287884163203284
39 0.18690036950536
40 0.361575571056683
41 0.115814283727093
42 0.0898837129266397
43 0.262903911067425
44 0.528349304788118
45 0.0557087348407462
46 0.333697955329154
47 0.246341025272685
48 0.318900093269604
49 0.119772543162569
50 0.278186102188283
51 0.206941516813434
52 0.271367556618582
53 0.186722027552807
54 0.368336921303662
55 0.353389369680497
56 0.0697153847515548
57 0.116964493719458
58 0.308228035401579
59 1
60 0.0158722615541837
61 1
62 0.160796866552615
63 1
64 0.585504086427425
65 0.196734724352327
66 0.238749191090303
67 0.0694105358688428
68 0.446830288948457
69 0.164124870952719
70 0.36324738669027
71 0.150844230964104
72 0.351271702496888
73 0.355617947155809
74 0.122825744595955
75 1
76 0.232045875919877
77 0.146456971358167
78 1
79 0.136685561278767
80 1
81 0.0221179750166888
82 1
83 0.260168478810669
84 0.769498453188756
85 0.231181811640941
86 0.386095356437402
87 0.558122364959885
88 1
89 0.637932375120728
90 0.112171349286437
91 0.639964400008866
92 0.786834734348056
93 0.462880150045136
94 0.349468256543642
95 0.17787502899616
96 0.61890477553254
97 0.297913010278446
98 0.229003488986449
99 0.217476750697382
100 0.330848782569361
101 0.047889720010024
102 0.173181878015963
103 0.26345769009984
104 0.00257389035361277
105 0.799836330329089
106 1
107 0.159055107251676
108 0.184747966587149
109 0.25489722265594
110 0.0408670007286033
111 0.194801157904226
112 0.00489117702292992
113 0.38264365039301
114 0.19523083559931
115 0.120856621810838
116 0.138599138704543
117 0.139900774655914
118 0.318997033796124
119 0.644376355334104
120 0.42937790764512
121 0.163899549282422
122 1
123 0.180657860658701
124 0.288610079823262
125 0.457787940567468
126 0.072169325285818
127 0.252980987609822
128 0.26723052938796
129 0.0119226031585142
130 0.152528541563022
131 0.203375219558111
132 0.272655550187562
133 0.776194160310263
134 0.892867778569761
135 0.610116918212028
136 0.35131236750732
137 0.313934435761999
138 0.137038091226554
139 0.273778154056668
140 1
141 0.270537612536985
142 0.366835409430226
143 0.0229110216704232
144 0.470434531566844
145 0.2722331028138
146 0.453931650048809
147 0.10745804893862
148 0.255561183172685
149 0.913435307796135
150 0.166072177264231
151 0.193847438227148
152 0.162299312225946
153 0.153050459898734
154 0.550759725656246
155 0.200053126006902
156 1
157 0.246430923108562
158 0.524231447637295
159 0.519138106329797
160 0.107679604215233
161 0.134758837621996
162 0.262428703499783
163 0.73944436218562
164 0.450397852705591
165 0.334181715992733
166 0.0753763390935435
167 0.511993215191656
168 0.100081303240899
169 0.167386857049165
170 0.23316437061447
171 0.1743627783278
172 0.145401643726353
173 0.194767463694003
174 0.182132136932907
175 0.496155744162238
176 0.4866515524773
177 0.0453932647734661
178 0.628779300079729
179 0.0600316516354027
180 0.472158301627759
181 0.0479233537970415
182 0.556749533083409
183 0.0680305725650947
184 0.364992996600584
185 0.129891819394447
186 0.587938662719285
187 0.0835493952452596
188 0.136648712345058
189 0.362926074024334
190 0.42435414054801
191 0.0958417935545981
192 0.0544123321008775
193 0.496327623124552
194 0.169542635812268
195 1
196 0.542698795935461
197 0.173252987849194
198 0.338605395287255
199 0.202845773297144
200 0.0248198216049679
201 0.239743649728333
202 0.106632948222525
203 0.161234182904087
204 0.016842570100165
205 0.413423996620493
206 0.117418318671256
207 0.141219481435088
208 0.171492438249199
209 0.787073642244933
210 0.177248479875537
211 0.148011648849377
212 0.346182474173338
213 0.160141734531557
214 0.315140955835426
215 0.547077922854038
216 0.0237054106792623
217 1
218 0.054675252046055
219 0.232751385677688
220 0.016548755012777
221 0.330881411806701
222 0.229358375091348
223 0.0590367611967251
224 0.431152415332372
225 0.491263283320191
226 0.071981431563771
227 0.0477350609754882
228 0.180590553342316
229 0.334716849573886
230 0.300162309198054
231 0.191504140495946
232 0.621270913384508
233 0.15498217237738
234 0.359712120131487
235 0.0105701164043824
236 0.150973035669757
237 0.132411625095966
238 0.877878859729555
239 0.282157781209011
240 1
241 0.274499575292283
242 0.0652762817037424
243 0.788206525538074
244 1
245 0.0330997127636918
246 1
247 0.630041482631288
248 0.205355384186231
249 0.165304025405557
250 0.36436439917981
251 0.518331206772236
252 0.238615697169422
253 0.0471218134971546
254 0.314468695578059
255 0.313268077443782
256 0.203832517617377
257 0.222025247213368
258 0.111605863685917
259 0.129053110821204
260 0.252184200316758
261 0.898242964818972
262 0.233321742306051
263 0.721921529981228
264 0.272108868003496
265 1
266 0.287597360984852
267 0.265819902776177
268 0.0581414371038047
269 0.412161603016728
270 0.461138148772054
271 0.162929939996958
272 0.275814244959291
273 0.311621690663161
274 0.272793871511739
275 0.444817012711833
276 0.69726806622546
277 0.316554070428976
278 0.369525057748721
279 0.613571873846132
280 0.156403392162418
281 0.688525266513395
282 0.203620565000037
283 0.283125240279432
284 0.67684914161254
285 0.438074666294368
286 0.206333935092567
287 0.167188713153875
288 0.107849272838438
289 0.186272301791395
290 1
291 0.0840123833620763
292 0.124258202707866
293 0.551585015945905
294 0.24788399703041
295 0.529268479849881
296 0.221724355408772
297 0.208814262599974
298 0.107004081929583
299 1
300 0.147912763599835
301 0.0216359570211219
302 1
303 0.221259549674907
304 0.322755089770906
305 0.134858996759701
306 0.767150118068007
307 0.124612759550813
308 0.041593441080534
309 0.0887424320006063
310 0.215306264707573
311 0.432714824032267
312 0.347188080788147
313 1
314 1
315 0.234935258149839
316 1
317 0.566821529083888
318 0.387056558815159
319 0.440710759169705
320 0.140327990158856
321 0.191997407930665
322 0.0123418003348716
323 0.673782720175518
324 0.0803213933895103
325 0.195303099880544
326 0.260698724642177
327 1
328 0.0274399913500915
329 0.566796653282472
330 0.691058073067274
331 0.699213263749458
332 1
333 0.406272664347686
334 0.510218996017028
335 0.288157778340703
336 0.111988234797734
337 0.0217005407774193
338 0.628970199134406
339 0.00559386964388421
340 0.366347020536499
341 0.96906683228232
342 0.127577575643223
343 0.259681071763796
344 0.537025800006159
345 0.438319166975796
346 0.159449487549191
347 0.0646084570153572
348 0.539093847813455
349 0.164348343646876
350 0.62233511026816
351 0.189282622247146
352 0.319410159203231
353 0.441273840724541
354 0.238918342366057
355 0.285410099500517
356 0.116293548176315
357 0.722759059206468
358 0.0572961794841838
359 0.0550562285108963
360 0.732508556061887
361 0.102234421925295
362 0.198530863729995
363 1
364 0.304692115787882
365 0.16878187721058
366 0.34714014755227
367 0.619370312699362
368 0.597058156221875
369 0.154022066432952
370 1
371 0.165567411124794
372 0.0256297872380312
373 0.285291116101198
374 0.225015496178365
375 1
376 0.290036138813714
377 0.913502000890207
378 0.373633538256451
379 0.198763828175456
380 0.527315285943296
381 0.290985364307946
382 0.153978569534905
383 0.242714683595848
384 0.224674995367295
385 0.167714683265934
386 0.197707603701469
387 0.20217815688973
388 0.391207736683798
389 0.490453604599548
390 0.0964462780413185
391 0.334480803266281
392 0.176292837730067
393 0.126570384531057
394 1
395 0.138830074375345
396 0.145957212805289
397 0.209430566799109
398 0.458912369071923
399 0.391887915219735
400 0.494037963370692
401 0.399675466439022
402 0.114198648596231
403 0.297914363910767
404 0.238845305743143
405 0.211946983959539
406 0.48162397622667
407 0.192198234634931
408 0.0549402578478788
409 0.192423533091328
410 0.223200034400687
411 0.2632935447812
412 0.0476925356131805
413 0.834437724951016
414 0.692844011428657
415 0.266112661129893
416 0.103188137153019
417 0.181926315228477
418 0.0784816558992966
419 0.568483177334949
420 0.27190019357684
421 0.462059208770215
422 0.148143142329846
423 0.16277976868232
424 0.234504675912754
425 0.0938861786826717
426 0.410865176015031
427 0.175554021899996
428 0.168912083762639
429 0.0850868610463345
430 0.318010723077599
431 0.161316391620886
432 0.59154558566349
433 0.615534701846153
434 0.161604148594236
435 1
436 0.533371457021975
437 0.186230693224872
438 0.556249835968703
439 0.200643164444226
440 0.37249530872888
441 0.110593758825019
442 0.118824769351598
443 0.598719579463206
444 0.700201013650484
445 0.095691143624482
446 0.101723502418956
447 0.360115703952452
448 0.475124005766228
449 0.207966137160916
450 0.437507244514868
451 0.0858691184932669
452 0.818110413618373
453 0.591603794752576
454 0.163257723412516
455 0.742681244081295
456 0.283648040087179
457 1
458 0.19923512346747
459 0.307650061340036
460 0.393073190725114
461 0.457649782235807
462 0.671000960157239
463 0.0774504749375737
464 0.502986459177847
465 0.0599327244339397
466 0.211705885485438
467 0.16198293276169
468 0.391826692244707
469 0.416731872409366
470 0.110263313093591
471 0.0279379393979731
472 0.107381229070639
473 0.124373579554545
474 0.132352927624221
475 1
476 0.149801405927316
477 0.0760745593715657
478 0.293248127560023
479 0.455424962166525
480 0.212806169900777
481 0.392331923667922
482 0.106966554878884
483 0.0697446512337675
484 0.678256520264212
485 0.257144522265494
486 0.104139827463367
487 0.0579942575976361
488 1
489 0.322830794921529
490 0.12126271268714
491 0.200287025959257
492 0.3715919986222
493 0.197596887027933
494 0.571753906948688
495 0.291192388472007
496 0.513481754009234
497 0.450028035545293
498 0.600119300296389
499 0.0150556644561799
500 0.100050338288309
501 0.171271950751442
502 0.16069250224888
503 0.36616744760139
504 1
505 0.402372042607915
506 0.398252381564496
507 0.225881459828194
508 0.259944872774199
509 0.267257886357059
510 0.245241272915687
511 0.081057640219601
512 0.93773935122485
513 1
514 0.0247871835722055
515 0.169934924318122
516 0.189382981700319
517 0.215505036105742
518 0.0161830186824631
519 0.485006834756347
520 0.755800118381389
521 0.337190542535238
522 1
523 0.218720236316601
524 1
525 0.405885241572079
526 0.0761538790443709
527 0.116790527128384
528 0.0146283525971411
529 0.108088940708293
530 0.200812501834995
531 0.190326048559591
532 0.217079819895755
533 0.195075632651504
534 0.622798625655766
535 0.179018643003742
536 0.0201658052083343
537 0.494593879839271
538 1
539 0.103579821745032
540 0.197367214835557
541 0.0357275648317692
542 0.400385809121422
543 0.160337528732052
544 0.600516890873681
545 0.215094811083664
546 0.442921447431793
547 0.385266439506872
548 0.147996360737645
549 0.0489121662939107
550 0.647301615567289
551 0.302842893475755
552 0.29256121080117
553 0.212615411327696
554 0.122172381314486
555 0.533359224151209
556 0.104053728037119
557 0.226427903420851
558 0.29441764069995
559 0.144658449548032
560 0.264851467235129
561 1
562 0.23828489549687
563 0.0698653271223903
564 0.212202456307128
565 0.0446460638716237
566 0.175395431013734
567 0.31742225104482
568 0.947722303042991
569 0.276421985982472
570 0.0488987172036317
571 0.0400154195948252
572 0.951795713362174
573 0.177123098277433
574 0.491916887429982
575 0.168605364362455
576 0.121825907926287
577 0.542787775830948
578 0.309539311528462
579 0.38763883509546
580 0.177098503676906
581 0.329899689678045
582 0.461895906801776
583 0.224935301238772
584 1
585 0.427343809431348
586 0.0325360850505537
587 0.347590396492534
588 0.459901245177666
589 0.397853580313226
590 0.660605643336881
591 0.728644650060454
592 1
593 0.1336600789596
594 0.333949515371772
595 0.0353398999133768
596 0.266419159233135
597 0.0829677247118946
598 0.113369157322068
599 0.233263779699933
600 0.323456542776782
601 0.117619902281907
602 0.195487696507652
603 0.161920339838939
604 0.397865073923507
605 0.489573212202678
606 0.0989266989910383
607 0.618160572919618
608 0.397072668034268
609 0.1632363286163
610 1
611 0.486978633327816
612 1
613 0.0653247448499803
614 0.445702861389442
615 0.138516839424546
616 0.318353618718027
617 0.113701026360272
618 1
619 0.327841592061857
620 0.302272429986877
621 0.399750912931994
622 1
623 0.112025581150413
624 0.127630214620739
625 1
626 0.218924813562449
627 0.0971465344934647
628 0.135395812606724
629 0.0362181240552449
630 0.208292787885186
631 0.170152047313972
632 1
633 0.345900645148245
634 0.687488503341121
635 0.635075561928096
636 0.689939515501858
637 0.0200275709021696
638 0.216499449301843
639 0.305600317514183
640 1
641 0.079781043814712
642 0.553191634230144
643 0.0578490389658772
644 0.343093937626015
645 0.573897349758902
646 0.400294655045819
647 0.280785432038818
648 1
649 0.0415761977086198
650 0.426473583755755
651 0.309971934089899
652 1
653 0.163817849945142
654 0.114823883362982
655 1
656 1
657 1
658 0.245477487664118
659 0.141079994957843
660 0.253332714610598
661 0.096384018923048
662 0.359244490772276
663 0.348089410752914
664 0.319962811331745
665 0.240654872950516
666 0.232920542271476
667 0.037034085274323
668 0.23576680824554
669 0.411538608457174
670 0.291622046840181
671 0.382290352943371
672 0.135678518695208
673 0.356762615986248
674 0.295286155912834
675 0.0412487395794444
676 0.458658164247233
677 0.274925436470778
678 0.327601847020101
679 0.368362001546566
680 0.174910656699124
681 0.425966311183649
682 1
683 0.0154978168621705
684 0.288037928008823
685 0.0771771506107353
686 0.389671759572205
687 0.171366894353107
688 0.487924302971843
689 0.589647327470036
690 0.177838546619768
691 0.431426008605006
692 0.483283551045394
693 0.319978044306178
694 0.151135093930711
695 0.380080041950407
696 0.298454847340875
697 0.0740456455803222
698 0.603853940311044
699 0.255159483185896
700 0.188612916965454
701 0.0276084086733386
702 0.17925831653925
703 0.0531889479196516
704 0.42210696723285
705 0.551190133113104
706 0.210810586573779
707 0.243987849734258
708 0.103533827605838
709 0.0570692680995384
710 0.278245689534654
711 1
712 0.182003539681459
713 0.248408304927618
714 0.187925032346294
715 0.749982674536144
716 0.099217511989148
717 0.280817901346153
718 0.152157849192977
719 1
720 0.801000679436902
721 0.404056555075205
722 0.0541050111559733
723 0.450824954011623
724 0.134062901678822
725 0.191121039839263
726 0.132286700682374
727 0.123062461916932
728 0.658512287419468
729 0.0857460472942995
730 0.223218957355943
731 0.184233261547795
732 1
733 0.591591754597659
734 0.302819361919043
735 0.198498043664002
736 0.253329404814768
737 0.052464639259501
738 0.128221474834123
739 0.106829499026814
740 0.202278484104469
741 0.62668131580991
742 0.590819155194833
743 0.903470957139059
744 0.476056833380693
745 0.0557035182287624
746 0.114324147386129
747 0.055425806069415
748 0.583231135047646
749 0.122355623069687
750 0.0395073873189448
